10001, 10005
10002, 10007
10003, 10008
10004, 10009
10005, 10010
10006, 10011
10007, 10013
10008, 10014
10009, 10015
10010, 10016
10011, 10018
10012, 10022
10015, 10027
10016, 10032
10017, 10033
10018, 10034
10019, 10039
10020, 10041
10021, 10042
10022, 10050
10023, 10054
10024, 10058
10025, 10062
10026, 10066
10027, 10067
10028, 10069
10029, 10070
10030, 10072
10031, 10074
10032, 10076
10033, 10077
10034, 10080
10035, 10081
10038, 10183
10039, 10197
10040, 10241
11501, 10244
10041, 10245
10042, 10249
10043, 10251
12839, 10023
10013, 10024
10014, 10026
10456, 11558
10457, 11559
10458, 11561
10459, 11562
10460, 11563
10461, 11567
10462, 11568
10463, 11569
10464, 11570
10465, 11571
10466, 11572
10467, 11575
10468, 11579
10469, 11580
10470, 11581
10471, 11584
10472, 11590
10473, 11601
10474, 11603
10475, 11604
12624, 11607
10476, 11608
10477, 11613
10478, 11616
10479, 11617
10480, 11626
10481, 11627
10482, 11628
10483, 11629
12625, 11633
10485, 11640
10486, 11666
10487, 11669
10488, 11673
10489, 11697
10490, 11698
10491, 11701
10492, 11710
10493, 11718
10494, 11726
10495, 11739
10496, 11740
10498, 11748
10499, 11777
10500, 11778
10501, 11790
10502, 11799
10503, 11800
10504, 11803
10505, 11805
10506, 11806
10507, 11807
10508, 11808
10509, 11809
10510, 11810
10511, 11814
10512, 11825
10513, 11842
10308, 11847
10515, 11861
10516, 11862
10517, 11869
10519, 12042
10520, 12043
10521, 12067
10522, 12133
10523, 12141
12949, 12155
12954, 12157
10527, 12175
10528, 12181
10529, 12283
10530, 12284
10531, 12296
10532, 12315
10533, 12348
10534, 12353
10535, 12364
10536, 12397
10537, 12410
10538, 12411
10539, 12412
10540, 12419
10541, 12422
10542, 12424
10543, 12429
10514, 12435
10545, 12441
10546, 12444
10547, 12445
10548, 12506
10549, 12517
10550, 12518
10551, 12521
12580, 12552
10553, 12563
10554, 12566
10555, 12570
10556, 12581
10557, 12649
10562, 12701
10563, 12707
10564, 12787
10565, 12794
11019, 12914
10566, 12926
10567, 12940
10568, 12941
12633, 17738
10569, 12979
10570, 12993
10571, 12995
10572, 12996
10573, 13000
10574, 13025
11623, 13032
10576, 13068
10577, 13069
10578, 13078
10579, 13084
10580, 13094
10581, 13148
10582, 13149
10583, 13151
10584, 13160
12722, 13180
10585, 13181
10044, 10317
10045, 10318
10046, 10319
12697, 10320
10047, 10329
10048, 10330
10049, 10334
12698, 10335
10050, 10338
10051, 10339
10052, 10344
10053, 10347
10054, 10352
10055, 10353
10056, 10357
10057, 10358
10058, 10359
10059, 10361
10060, 10366
10061, 10370
10062, 10383
10063, 10384
10064, 10390
10065, 10392
10066, 10393
10067, 10395
10068, 10396
10069, 10397
10070, 10401
10071, 10412
10072, 10415
10073, 10416
10074, 10417
10075, 10418
10076, 10420
10077, 10421
10078, 10429
10079, 10430
10080, 10431
10081, 10432
10082, 10433
10083, 10434
10084, 10435
10085, 10436
10086, 10437
10087, 10438
10088, 10441
10089, 10443
10090, 10448
10091, 10450
10092, 10451
10094, 10453
10095, 10468
10096, 10474
10099, 10499
10100, 10500
10101, 10501
10102, 10502
12724, 10503
10103, 10504
10104, 10507
10106, 10509
10107, 10510
10108, 10512
10109, 10513
10110, 10514
10111, 10515
10112, 10517
10113, 10523
10114, 10524
10115, 10525
10117, 10528
10119, 10532
10121, 10534
10122, 10535
10123, 10536
10124, 10538
10125, 10539
10126, 10540
10127, 10543
10135, 10565
10136, 10567
10137, 10568
10138, 10569
10139, 10574
10140, 10575
10141, 10580
10142, 10584
10143, 10585
10144, 10586
10145, 10588
10148, 10591
11687, 10592
10149, 10595
11689, 10597
10150, 10601
10151, 10607
10152, 10608
12002, 10609
10153, 10613
10155, 10616
10157, 10618
12984, 10619
10159, 10620
10160, 10621
10161, 10622
12083, 10632
10165, 10634
10166, 10637
10167, 10639
10169, 10648
10173, 10654
10175, 10656
10177, 10660
11503, 10666
11696, 10667
11702, 10670
11733, 10671
10708, 10689
10185, 10699
10186, 10702
10187, 10714
10188, 10718
11437, 10720
10190, 10722
10191, 10723
10192, 10725
10193, 10728
10194, 10729
10195, 10733
10196, 10734
10197, 10752
10198, 10757
12267, 10758
12268, 10760
10199, 10768
10200, 10771
10201, 10783
10202, 10784
10203, 10786
10204, 10787
10205, 10788
10206, 10789
10207, 10790
10208, 10791
10209, 10792
10210, 10794
10211, 10795
10212, 10796
10213, 10797
10214, 10799
10215, 10800
10216, 10802
10217, 10804
10218, 10807
10219, 10808
10220, 10811
10221, 10813
10222, 10818
10223, 10819
10224, 10821
10225, 10822
10226, 10825
10227, 10826
10229, 10829
10230, 10831
10231, 10838
10232, 10839
10233, 10843
10234, 10844
10235, 10851
10236, 10862
10237, 10878
10238, 10880
10239, 10894
10240, 10895
10241, 10910
10242, 10912
10243, 10919
10244, 10920
10245, 10922
10246, 10924
10247, 10941
10248, 10944
10249, 10948
11872, 10950
10250, 10954
10251, 10956
10252, 10976
10253, 10980
10254, 10983
10255, 10984
10256, 10986
10257, 10988
10258, 10989
10259, 10990
10260, 10992
10261, 10993
10262, 10994
10263, 10995
10264, 10996
10265, 10997
10266, 10998
10267, 10999
10268, 11000
10269, 11001
10270, 11002
10271, 11003
10272, 11004
10273, 11006
10274, 11007
10275, 11009
10276, 11011
10277, 11012
10278, 11014
10279, 11015
10280, 11016
10281, 11017
10282, 11080
10283, 11083
10284, 11086
10285, 11092
11418, 18016
10286, 11097
10288, 11099
10289, 11102
11420, 18021
10290, 11109
10291, 11111
10292, 11114
10293, 11120
10294, 11121
10295, 11124
10296, 11128
11982, 11129
12269, 11136
10297, 11138
10298, 11139
10299, 11142
10300, 11143
10301, 11144
10302, 11146
10304, 11149
10305, 11154
10306, 11161
11631, 11162
11632, 11163
10828, 11165
10309, 11166
10311, 11186
10312, 11187
10313, 11191
10314, 11193
10315, 11194
10316, 11196
10317, 11197
10318, 11202
10319, 11207
10320, 11208
10321, 11209
10322, 11211
10323, 11214
10324, 11217
10325, 11220
12317, 11221
10326, 11222
10327, 11224
10328, 11228
10329, 11234
10330, 11235
10331, 11241
10332, 11249
10333, 11266
10334, 11267
10335, 11268
10336, 11284
10338, 11286
10339, 11289
10340, 11291
10341, 11297
10342, 11298
10343, 11303
10344, 11305
10345, 11306
10346, 11312
10348, 11328
10349, 11332
10350, 11333
10353, 11347
10354, 11349
10355, 11352
10356, 11353
10357, 11354
10358, 11355
10359, 11359
10360, 11366
10361, 11375
10362, 11376
10363, 11377
10364, 11378
10365, 11379
10366, 11385
10367, 11387
10368, 11389
10369, 11390
10370, 11391
10371, 11392
10372, 11394
10373, 11396
10374, 11406
10375, 11407
10376, 11410
10377, 11414
10378, 11415
10379, 11417
10380, 11418
10381, 11419
10382, 11420
10383, 11422
10384, 11425
10385, 11426
10386, 11429
10387, 11431
10388, 11432
10389, 11433
10390, 11434
10391, 11455
10392, 11456
10393, 11469
10394, 11470
10395, 11471
10396, 11472
10397, 11475
10398, 11477
10399, 11480
10400, 11483
10401, 11484
10402, 11485
10403, 11486
10404, 11487
10405, 11488
10406, 11489
10407, 11490
10408, 11491
10409, 11492
10410, 11493
10411, 11495
10412, 11497
10413, 11498
10414, 11499
10415, 11500
10416, 11501
10417, 11502
10418, 11503
10419, 11504
10420, 11505
10421, 11506
10422, 11507
10423, 11508
10424, 11509
10425, 11510
10426, 11511
10427, 11512
10428, 11513
10429, 11517
10430, 11519
10431, 11524
10432, 11525
10433, 11526
10434, 11529
10435, 11530
10436, 11531
10437, 11535
10438, 11536
10439, 11537
10440, 11538
10441, 11541
10442, 11542
10443, 11543
10444, 11544
10445, 11545
10446, 11546
10447, 11547
10448, 11548
10449, 11549
10450, 11550
10451, 11551
10452, 11553
10453, 11554
10454, 11556
10455, 11557
10946, 15671
10947, 15672
10948, 15679
10949, 15685
10950, 15686
10951, 15687
10952, 15688
10953, 15689
10954, 15690
10955, 15691
10956, 15692
10957, 15694
12733, 17864
10958, 15705
10959, 15707
10960, 15708
10961, 15709
10962, 15710
10963, 15711
10964, 15713
10965, 15715
10966, 15726
10968, 15736
10969, 15737
10971, 15739
10972, 15740
10973, 15741
10974, 15742
10975, 15744
10976, 15750
10977, 15751
10978, 15753
10979, 15754
10980, 15756
10981, 15758
10982, 15759
10983, 15760
10984, 15761
10987, 15781
10988, 15782
10989, 15783
10990, 15784
10991, 15785
10992, 15786
10993, 15787
10994, 15788
10995, 15789
10996, 15792
10997, 15793
10998, 15794
10999, 15797
11000, 15827
11001, 15828
11002, 15839
11003, 15840
11004, 15846
11005, 15847
12791, 17953
12990, 17954
11006, 15854
12318, 15855
11007, 15856
11008, 15857
12417, 17756
11010, 15872
11011, 15873
12403, 17759
12862, 17956
11983, 15879
11013, 15894
11014, 15923
11015, 16083
11016, 16086
11017, 16087
11018, 16088
11020, 16098
11021, 16100
11507, 16106
11022, 16107
11023, 16109
11024, 16113
11025, 16115
11026, 16124
11027, 16125
11028, 16126
11029, 16127
11030, 16128
11031, 16131
11032, 16132
11033, 16137
11034, 16140
11035, 16141
11508, 16149
11036, 16150
11037, 16158
11038, 16159
11039, 16160
11040, 16161
11041, 16162
11042, 16181
10586, 13197
10587, 13217
10588, 13229
10589, 13270
10590, 13277
10593, 13295
10594, 13298
10595, 13323
12844, 17964
10596, 13343
12849, 17965
10597, 13350
10598, 13398
10599, 13402
10600, 13426
12887, 17966
10601, 13447
10604, 13470
10605, 13471
10606, 13472
10607, 13474
10608, 13477
10609, 13481
12916, 17967
11837, 13493
10611, 13500
10612, 13503
10613, 13504
10614, 13506
10615, 13510
10616, 13512
10617, 13513
10618, 13514
10619, 13516
10620, 13520
10621, 13523
10623, 13572
10627, 13593
10628, 13595
10629, 13601
10630, 13602
10632, 13633
11877, 13646
10634, 13676
10635, 13677
10636, 13678
10637, 13688
10638, 13689
10639, 13691
10640, 13692
10641, 13712
10642, 13725
10643, 13730
10645, 13904
10646, 13908
10647, 13911
10648, 13912
10649, 13931
10650, 13934
10651, 13939
10652, 13940
10653, 13942
10654, 13946
10655, 13950
10656, 13951
10657, 13953
10658, 13954
10659, 13955
10660, 13956
10661, 13959
11959, 13961
10662, 13964
10829, 13999
10664, 14017
10665, 14018
10666, 14021
10667, 14022
10668, 14026
10669, 14027
12209, 14053
10670, 14066
10671, 14067
10672, 14084
10673, 14095
11471, 18170
11472, 18171
10674, 14206
10675, 14208
11506, 14211
10676, 14217
10677, 14227
10678, 14231
10679, 14244
12636, 14263
10681, 14264
10682, 14267
12723, 14294
10685, 14296
10686, 14297
10687, 14300
10688, 14306
10689, 14308
10690, 14310
10692, 14396
10693, 14397
10694, 14409
10695, 14419
12555, 14426
11322, 17700
10696, 14483
10697, 14527
10698, 14529
10699, 14530
10700, 14533
12270, 14542
10701, 14590
10703, 14598
10704, 14611
10705, 14617
10706, 14624
10707, 14628
10709, 14711
10710, 14725
10711, 14726
10712, 14757
10715, 14851
12421, 17927
10717, 14880
10718, 14881
10720, 14898
10721, 14900
10722, 14901
10723, 14902
10725, 14909
13004, 17929
12705, 17931
10727, 14956
10728, 14957
10729, 14960
10730, 14961
10732, 14970
10734, 14973
10735, 14974
10736, 14975
10737, 14976
10738, 14977
10739, 14978
12732, 17863
10741, 15006
10742, 15008
10746, 15138
10747, 15139
10748, 15140
10749, 15141
10750, 15142
10751, 15143
10752, 15144
10753, 15152
10754, 15153
10755, 15154
10756, 15155
10757, 15156
10758, 15157
10759, 15158
10760, 15159
10761, 15163
10763, 15166
10765, 15168
10769, 15172
10770, 15174
10771, 15175
10772, 15176
10774, 15180
10775, 15182
10776, 15184
10777, 15185
12509, 15186
10778, 15187
10779, 15189
12510, 15190
10780, 15193
10781, 15196
10783, 15199
10784, 15200
10785, 15201
10786, 15202
10787, 15203
10788, 15205
10789, 15209
10790, 15210
10791, 15211
10792, 15213
10793, 15214
10794, 15215
10795, 15217
10796, 15218
10797, 15219
10799, 15221
10800, 15223
10802, 15227
10803, 15228
10804, 15230
10805, 15231
10806, 15232
10807, 15248
10808, 15249
12950, 15251
12957, 15256
12958, 15257
12959, 15258
12960, 15259
12962, 15261
10822, 15266
12319, 15303
10824, 15304
10825, 15305
12320, 15306
12354, 15320
10826, 15333
10827, 15335
10307, 15336
10544, 15337
10830, 15338
10831, 15339
10832, 15340
10310, 15341
10834, 15342
10835, 15345
10836, 15346
10837, 15349
11634, 15350
10838, 15353
10841, 15354
10842, 15355
10843, 15356
10844, 15357
10845, 15358
10847, 15359
10846, 15360
10849, 15361
10850, 15362
10851, 15363
10848, 15364
10853, 15365
10852, 15366
10859, 15373
10860, 15374
10861, 15375
12623, 15377
12626, 15378
10864, 15383
10865, 15396
12418, 15397
10866, 15410
12392, 15411
10867, 15412
12393, 15414
10868, 15415
10869, 15416
10870, 15417
10871, 15418
11403, 17949
10872, 15420
10873, 15424
10874, 15425
10875, 15427
10876, 15443
10878, 15448
12587, 17948
10879, 15474
10880, 15493
10881, 15500
10882, 15503
10883, 15505
10884, 15506
10885, 15507
10886, 15512
13019, 17962
10888, 15528
10889, 15529
11405, 17963
10890, 15531
10891, 15532
10892, 15534
10893, 15537
10894, 15550
10895, 15552
10896, 15553
10897, 15555
12381, 17706
10898, 15557
10899, 15560
10900, 15561
10901, 15567
10902, 15570
10903, 15575
10904, 15576
10905, 15587
13002, 15597
10906, 15598
10907, 15602
10908, 15603
10909, 15604
10910, 15605
10911, 15606
10912, 15608
10913, 15609
12384, 17711
10914, 15611
12385, 17712
10915, 15614
10916, 15615
10917, 15616
10918, 15617
10919, 15618
10920, 15619
10921, 15620
10922, 15621
10923, 15622
10924, 15623
10925, 15624
10927, 15627
10930, 15630
10931, 15631
10932, 15632
10933, 15635
10934, 15636
12442, 17688
11319, 17689
10935, 15640
10936, 15642
10937, 15643
12444, 17690
10938, 15654
10939, 15655
10940, 15658
12840, 15661
11320, 17691
10941, 15665
10942, 15666
10944, 15669
10945, 15670
12612, 17613
11309, 17616
12329, 17618
11091, 16513
12466, 17772
12467, 17773
12589, 17664
12586, 17665
12592, 17666
12593, 17667
12594, 17668
11351, 17782
12795, 16785
12797, 16786
12798, 16787
12799, 16788
12800, 16789
12804, 16790
12810, 16792
12827, 16793
12822, 16794
12928, 16795
12847, 16798
12828, 16799
12829, 16800
12830, 16801
12831, 16802
12832, 16803
12833, 16804
12834, 16805
12835, 16806
12837, 16807
12836, 16808
12838, 16809
12845, 16810
12848, 16814
12851, 16817
12852, 16818
12853, 16819
12854, 16820
12857, 16822
12858, 16823
12859, 16824
12896, 16825
12860, 16826
12861, 16827
12863, 16828
11161, 16956
12271, 16958
12272, 16959
12273, 16960
11162, 16965
12675, 17910
11390, 17914
11432, 18048
12894, 18200
11494, 18229
12420, 16993
11163, 16996
11396, 17922
11397, 17936
11455, 18114
11457, 18116
11942, 18118
11839, 18125
11461, 18138
11167, 17043
11462, 18139
12897, 16835
12898, 16837
12899, 16838
12901, 16839
12903, 16840
12904, 16841
11466, 18148
11467, 18149
12864, 16845
12865, 16846
12866, 16847
12867, 16848
12868, 16849
12869, 16850
12870, 16851
11468, 18150
12873, 16853
12874, 16854
12875, 16856
12878, 16857
12879, 16858
12880, 16859
12881, 16860
12884, 16865
12890, 16868
12906, 16873
12907, 16874
12908, 16875
12909, 16877
12910, 16878
12892, 16879
12911, 16880
11489, 18215
11492, 18218
12895, 16884
12912, 16888
12913, 16889
12914, 16890
12915, 16893
12918, 16896
12992, 16897
12921, 16900
12922, 16901
12923, 16902
12905, 16903
12730, 17852
12455, 17858
11290, 17555
11147, 16932
12976, 16934
11149, 16939
11150, 16940
11151, 16941
11152, 16942
11153, 16943
11154, 16944
11155, 16945
11156, 16946
11157, 16947
11158, 16948
11159, 16949
11160, 16951
12482, 16550
12699, 16556
11092, 16557
11398, 17937
12274, 17944
11458, 18128
11459, 18129
12294, 18130
11465, 18142
11941, 18152
11094, 16586
11884, 16587
12296, 17647
11498, 18235
12983, 17648
12682, 17653
13043, 16618
11100, 16621
11101, 16622
11102, 16625
11429, 18044
11417, 18014
11103, 16633
11104, 16634
12276, 16636
11105, 16637
11469, 18151
11106, 16643
11107, 16647
11412, 17994
11401, 17945
11108, 16653
12311, 16654
12312, 16655
12313, 16656
12314, 16658
12315, 16659
12316, 16660
11470, 18169
11473, 18176
11474, 18177
11109, 16665
11110, 16667
11111, 16670
11475, 18186
11476, 18189
11478, 18191
11479, 18192
11481, 18197
11112, 16689
11113, 16690
11114, 16691
11115, 16692
11116, 16693
11117, 16694
11118, 16695
11119, 16696
11120, 16697
11121, 16698
11122, 16699
11123, 16700
11124, 16701
11125, 16702
11126, 16703
11127, 16704
11128, 16705
11129, 16706
11130, 16707
11131, 16708
11132, 16709
11134, 16711
11135, 16712
11136, 16713
11137, 16714
11138, 16715
11139, 16716
11140, 16717
11333, 17732
12630, 17733
12632, 17737
13032, 16724
11141, 16725
11142, 16727
12634, 17744
12629, 17748
11345, 17751
12924, 16741
12925, 16742
12927, 16744
12929, 16745
12930, 16746
12931, 16747
12932, 16748
12933, 16749
12934, 16750
12935, 16751
12775, 16752
12776, 16753
12777, 16754
12778, 16755
12779, 16756
12780, 16757
12782, 16758
12781, 16759
12783, 16760
12784, 16761
12785, 16762
12786, 16763
12787, 16764
12788, 16765
12789, 16766
12790, 16767
12805, 16769
12806, 16771
12807, 16772
12808, 16773
12809, 16774
12811, 16775
12821, 16776
12823, 16777
12824, 16778
12825, 16780
12826, 16781
11043, 16187
13082, 16190
11044, 16191
11045, 16198
11046, 16200
11047, 16201
11048, 16202
11049, 16203
11050, 16204
11051, 16205
11052, 16206
11053, 16207
11054, 16208
11055, 16209
11056, 16212
11057, 16213
11058, 16214
11059, 16215
11060, 16219
11061, 16220
11062, 16221
11063, 16222
11064, 16223
11065, 16224
11066, 16225
13053, 16246
11068, 16247
11069, 16248
11070, 16249
11071, 16250
11072, 16251
11073, 16252
11074, 16253
11075, 16254
11076, 16255
11079, 16266
11080, 16287
11081, 16289
12231, 16304
11878, 18133
12893, 18195
11083, 16445
11084, 16446
11483, 18203
11484, 18204
11085, 16449
11086, 16450
11488, 18214
12963, 17671
12964, 17672
12416, 17755
12415, 17757
12402, 17758
11346, 17762
11087, 16465
11382, 17871
11383, 17873
11089, 16478
11090, 16480
12338, 17791
12644, 17604
12645, 17605
12671, 17606
12672, 17607
12328, 17619
12330, 17620
12606, 17629
11311, 17630
12607, 17631
11486, 18207
11490, 18216
12321, 17657
12323, 17658
12322, 17659
11314, 17662
12585, 17663
11282, 17531
11283, 17532
11284, 17533
12506, 17577
11329, 17728
11330, 17729
11331, 17730
11332, 17731
11334, 17734
11335, 17735
11336, 17736
11338, 17740
11339, 17741
11340, 17742
11342, 17745
11343, 17746
11315, 17673
12742, 17674
12744, 17675
11316, 17680
11317, 17681
11318, 17683
11321, 17694
13021, 17696
11827, 17698
12339, 17792
11402, 17947
11487, 18213
10833, 18223
11493, 18224
11495, 18230
11497, 18234
11406, 17988
11407, 17989
11409, 17991
11410, 17992
11411, 17993
12937, 18000
12926, 18004
11415, 18005
11421, 18033
11422, 18034
11423, 18035
11433, 18060
11434, 18061
11438, 18068
11444, 18085
11445, 18086
11168, 17053
11169, 17054
11170, 17055
11171, 17056
11172, 17057
11173, 17058
11174, 17059
11436, 18064
11176, 17062
11887, 18167
11178, 17072
11179, 17074
11180, 17075
11181, 17083
11182, 17084
11183, 17092
12886, 17093
12940, 17094
11185, 17096
11186, 17097
11187, 17098
11188, 17099
12441, 18091
11189, 17109
12747, 17116
11192, 17118
11193, 17119
12796, 17120
12888, 17123
11194, 17124
11195, 17125
11196, 17126
12846, 17127
12872, 17130
12938, 17131
11197, 17134
11198, 17135
11448, 18098
12982, 17142
11200, 17144
11778, 17151
11201, 17163
11202, 17164
11203, 17166
11204, 17168
11205, 17169
11206, 17170
11207, 17172
12943, 18026
12700, 17542
12944, 18028
12942, 18030
11491, 18031
11210, 17208
11211, 17209
12889, 17224
11365, 17832
11366, 17833
12989, 17231
11449, 18105
11214, 17245
11215, 17246
12726, 18107
11368, 17841
11225, 17253
11226, 17263
11227, 17264
11228, 17266
11229, 17267
11384, 17877
11232, 17281
11233, 17284
13044, 17286
11235, 17288
11236, 17289
11237, 17290
11238, 17291
11239, 17295
12065, 18172
11240, 17299
11477, 18190
11242, 17306
11243, 17307
11244, 17308
11245, 17309
11246, 17312
11247, 17314
11248, 17317
11249, 17318
11250, 17319
11430, 18045
12947, 17330
11443, 18080
11253, 17335
11356, 17807
11254, 17338
11255, 17341
11257, 17343
11260, 17350
11261, 17351
12327, 18083
11262, 17360
11263, 17363
11264, 17364
11265, 17365
11266, 17366
11267, 17367
11413, 17997
11414, 17998
11269, 17372
11270, 17373
12253, 17374
11271, 17375
11633, 17378
12581, 17813
11359, 17815
11360, 17816
12556, 17819
11363, 17821
11393, 17918
11395, 17920
11439, 18069
11440, 18070
11310, 17617
12558, 17827
12561, 17834
10854, 17835
11367, 17836
12567, 17838
11296, 17580
11295, 17579
11297, 17581
11298, 17582
11299, 17583
11300, 17584
11301, 17585
11302, 17586
11303, 17587
12291, 17588
11304, 17589
12299, 17591
12295, 17594
12297, 17596
12715, 17597
12713, 17600
12704, 18180
11327, 17713
11426, 18040
12748, 17715
11328, 17722
11275, 17511
11276, 17512
11427, 18041
11277, 17515
11278, 17516
11279, 17517
11280, 17518
11281, 17525
11288, 17537
11289, 17543
11352, 17803
11353, 17804
11354, 17805
11355, 17806
11361, 17817
11362, 17818
12557, 17820
12559, 17828
12560, 17829
12566, 17831
12568, 17839
11370, 17843
11371, 17844
11372, 17846
12731, 17853
12618, 17889
13006, 17895
12979, 17896
12981, 17898
13000, 17899
12227, 18348
12228, 18349
12166, 18324
12167, 18325
12168, 18326
12202, 18327
12203, 18328
12204, 18329
12210, 18331
12211, 18332
12212, 18333
12213, 18334
12214, 18335
12215, 18336
12216, 18337
12217, 18338
12218, 18339
12219, 18340
12220, 18341
12221, 18342
12222, 18343
12223, 18344
12224, 18345
12225, 18346
12226, 18347
12201, 18315
12198, 18316
12199, 18317
12200, 18318
12193, 18319
12195, 18321
12191, 18322
12192, 18323
12173, 18275
12174, 18276
12175, 18277
12180, 18278
12190, 18279
12189, 18280
12188, 18281
12182, 18284
12183, 18285
12184, 18286
12185, 18287
12186, 18288
12187, 18289
12232, 18290
12233, 18291
12234, 18292
12235, 18293
12236, 18294
12237, 18295
12238, 18296
12239, 18297
12240, 18298
12241, 18299
12242, 18300
12243, 18301
